1001419684
1008811679
1027520202
1045158012
1049922421
1056628020
1068314084
1082198327
1083864910
1113112615
1126225540
1129024335
1168430842
1184211595
1189224384
1191726396
1192514785
1206628752
1252022739
1264197728
1268231701
1289716097
1292046902
1306990211
1312915487
1318126905
1320169942
1381910936
1399310504
1407423671
1419814760
1454428803
1456317038
1483825892
1501521728
1507921540
1516919909
1527421849
1556639674
1561394937
1561917114
1565324822
1573526706
1575218157
1594723070
1622420087
1630960817
1636798815
1637749531
1652617890
1679026898
1680029946
1682265612
1689123873
1690814085
1700716727
1704139289
1710688934
1730628949
1731429649
1731824471
1744275591
1750410809
1755621621
1761912414
1786913087
1794426042
1798218514
1806723551
1812726193
1846426577
1871158442
1877626823
1880425618
1884217484
1910620957
1914327110
1940314093
1941116032
1950852552
1955312123
1956426418
1964220469
1967124077
1988025620
2017021112
2027116228
2043631228
2044520106
2050429773
2064313685
2076521052
2082103721
2082299174
2085325707
2119193392
2142266721
2161518819
2183314943
2217174537
2259771791
2261810059
2285274574
2302323909
2305627874
2308414847
2326818689
2338723117
2346613507
2359971562
2386324798
2406316386
2444827225
2452625128
2468029066
2470722945
2479211716
2489356074
2499031894
2503726334
2504016831
2525818043
2527222361
2547920359
2569180882
2573726662
2617058172
2618244238
2619528286
2625210852
2626010947
2628186120
2631027412
2636214063
2636256121
2645529291
2659022941
2661347582
2669022513
2682089121
2687922875
2699230652
2731012492
2739030856
2746821983
2747825651
2758126791
2772925572
2773414107
2778112223
2781041262
2810526471
2829613166
2835530834
2857813187
2865465981
2878514548
2918119684
2940432026
2941110570
2947026407
2961125700
2966610863
2994625609
3001015177
3003170331
3019520126
3024429211
3030127582
3032827339
3044719456
3050321240
3056174972
3057869491
3066030596
3094027971
3111148792
3122124725
3122190520
3124019116
3132017507
3138414470
3144319207
3144320447
3147613933
3152318218
3164629764
3171731263
3177924667
3192727759
3194110721
3195227305
3248969801
3280177401
3407271932
3416142401
3454283942
3478119392
3488168322
3842667604
4140185704
4222457817
4305174092
4383031796
4447321122
4456277791
4480100852
4582168921
4621137026
4936273391
4938253622
4943108122
5106672680
5181196683
5324269689
5406711231
5592120612
5632106171
5849851885
5951737125
6115155492
6192976242
6433227821
6632311512
6641138733
6673228862
6737290896
6826102024
6902143923
7075101523
7122285032
7302217301
7490253081
7519326072
7521217321
7522610722
7546283322
7853320282
8238230442
8303261482
8329771783
8402244806
8474184662
8485133832
8565182423
8748267022
8776248902
8871869526
8992166821
8994853517
9176285234
9202640225
9243551755
9267205911
9351107193
